/*--------------------------------*- C++ -*----------------------------------*\
  =========                 |
  \\      /  F ield         | OpenFOAM: The Open Source CFD Toolbox
   \\    /   O peration     | Website:  https://openfoam.org
    \\  /    A nd           | Version:  8
     \\/     M anipulation  |
-------------------------------------------------------------------------------
Description
    Writes out values of fields from cells nearest to specified locations.

\*---------------------------------------------------------------------------*/

#includeEtc "caseDicts/postProcessing/probes/probes.cfg"

fields (p U k epsilon);
probeLocations
(
    (-3.0 -3.0 0.0)
  (-3.0 -3.0 1.33)
  (-3.0 -3.0 2.67)
  (-3.0 -3.0 4.0)
  (-1.14 -3.0 0.0)
  (-1.14 -3.0 1.33)
  (-1.14 -3.0 2.67)
  (-1.14 -3.0 4.0)
  (0.71 -3.0 0.0)
  (0.71 -3.0 1.33)
  (0.71 -3.0 2.67)
  (0.71 -3.0 4.0)
  (2.57 -3.0 0.0)
  (2.57 -3.0 1.33)
  (2.57 -3.0 2.67)
  (2.57 -3.0 4.0)
  (4.43 -3.0 0.0)
  (4.43 -3.0 1.33)
  (4.43 -3.0 2.67)
  (4.43 -3.0 4.0)
  (6.29 -3.0 0.0)
  (6.29 -3.0 1.33)
  (6.29 -3.0 2.67)
  (6.29 -3.0 4.0)
  (8.14 -3.0 0.0)
  (8.14 -3.0 1.33)
  (8.14 -3.0 2.67)
  (8.14 -3.0 4.0)
  (10.0 -3.0 0.0)
  (10.0 -3.0 1.33)
  (10.0 -3.0 2.67)
  (10.0 -3.0 4.0)
  (-3.0 -1.78 0.0)
  (-3.0 -1.78 1.33)
  (-3.0 -1.78 2.67)
  (-3.0 -1.78 4.0)
  (-1.14 -1.78 0.0)
  (-1.14 -1.78 1.33)
  (-1.14 -1.78 2.67)
  (-1.14 -1.78 4.0)
  (0.71 -1.78 0.0)
  (0.71 -1.78 1.33)
  (0.71 -1.78 2.67)
  (0.71 -1.78 4.0)
  (2.57 -1.78 0.0)
  (2.57 -1.78 1.33)
  (2.57 -1.78 2.67)
  (2.57 -1.78 4.0)
  (4.43 -1.78 0.0)
  (4.43 -1.78 1.33)
  (4.43 -1.78 2.67)
  (4.43 -1.78 4.0)
  (6.29 -1.78 0.0)
  (6.29 -1.78 1.33)
  (6.29 -1.78 2.67)
  (6.29 -1.78 4.0)
  (8.14 -1.78 0.0)
  (8.14 -1.78 1.33)
  (8.14 -1.78 2.67)
  (8.14 -1.78 4.0)
  (10.0 -1.78 0.0)
  (10.0 -1.78 1.33)
  (10.0 -1.78 2.67)
  (10.0 -1.78 4.0)
  (-3.0 -0.56 0.0)
  (-3.0 -0.56 1.33)
  (-3.0 -0.56 2.67)
  (-3.0 -0.56 4.0)
  (-1.14 -0.56 0.0)
  (-1.14 -0.56 1.33)
  (-1.14 -0.56 2.67)
  (-1.14 -0.56 4.0)
  (0.71 -0.56 0.0)
  (0.71 -0.56 1.33)
  (0.71 -0.56 2.67)
  (0.71 -0.56 4.0)
  (2.57 -0.56 0.0)
  (2.57 -0.56 1.33)
  (2.57 -0.56 2.67)
  (2.57 -0.56 4.0)
  (4.43 -0.56 0.0)
  (4.43 -0.56 1.33)
  (4.43 -0.56 2.67)
  (4.43 -0.56 4.0)
  (6.29 -0.56 0.0)
  (6.29 -0.56 1.33)
  (6.29 -0.56 2.67)
  (6.29 -0.56 4.0)
  (8.14 -0.56 0.0)
  (8.14 -0.56 1.33)
  (8.14 -0.56 2.67)
  (8.14 -0.56 4.0)
  (10.0 -0.56 0.0)
  (10.0 -0.56 1.33)
  (10.0 -0.56 2.67)
  (10.0 -0.56 4.0)
  (-3.0 0.67 0.0)
  (-3.0 0.67 1.33)
  (-3.0 0.67 2.67)
  (-3.0 0.67 4.0)
  (-1.14 0.67 0.0)
  (-1.14 0.67 1.33)
  (-1.14 0.67 2.67)
  (-1.14 0.67 4.0)
  (0.71 0.67 4.0)
  (2.57 0.67 4.0)
  (4.43 0.67 4.0)
  (6.29 0.67 4.0)
  (8.14 0.67 0.0)
  (8.14 0.67 1.33)
  (8.14 0.67 2.67)
  (8.14 0.67 4.0)
  (10.0 0.67 0.0)
  (10.0 0.67 1.33)
  (10.0 0.67 2.67)
  (10.0 0.67 4.0)
  (-3.0 1.89 0.0)
  (-3.0 1.89 1.33)
  (-3.0 1.89 2.67)
  (-3.0 1.89 4.0)
  (-1.14 1.89 0.0)
  (-1.14 1.89 1.33)
  (-1.14 1.89 2.67)
  (-1.14 1.89 4.0)
  (0.71 1.89 4.0)
  (2.57 1.89 4.0)
  (4.43 1.89 4.0)
  (6.29 1.89 4.0)
  (8.14 1.89 0.0)
  (8.14 1.89 1.33)
  (8.14 1.89 2.67)
  (8.14 1.89 4.0)
  (10.0 1.89 0.0)
  (10.0 1.89 1.33)
  (10.0 1.89 2.67)
  (10.0 1.89 4.0)
  (-3.0 3.11 0.0)
  (-3.0 3.11 1.33)
  (-3.0 3.11 2.67)
  (-3.0 3.11 4.0)
  (-1.14 3.11 0.0)
  (-1.14 3.11 1.33)
  (-1.14 3.11 2.67)
  (-1.14 3.11 4.0)
  (0.71 3.11 0.0)
  (0.71 3.11 1.33)
  (0.71 3.11 2.67)
  (0.71 3.11 4.0)
  (2.57 3.11 0.0)
  (2.57 3.11 1.33)
  (2.57 3.11 2.67)
  (2.57 3.11 4.0)
  (4.43 3.11 0.0)
  (4.43 3.11 1.33)
  (4.43 3.11 2.67)
  (4.43 3.11 4.0)
  (6.29 3.11 0.0)
  (6.29 3.11 1.33)
  (6.29 3.11 2.67)
  (6.29 3.11 4.0)
  (8.14 3.11 0.0)
  (8.14 3.11 1.33)
  (8.14 3.11 2.67)
  (8.14 3.11 4.0)
  (10.0 3.11 0.0)
  (10.0 3.11 1.33)
  (10.0 3.11 2.67)
  (10.0 3.11 4.0)
  (-3.0 4.33 0.0)
  (-3.0 4.33 1.33)
  (-3.0 4.33 2.67)
  (-3.0 4.33 4.0)
  (-1.14 4.33 0.0)
  (-1.14 4.33 1.33)
  (-1.14 4.33 2.67)
  (-1.14 4.33 4.0)
  (0.71 4.33 0.0)
  (0.71 4.33 1.33)
  (0.71 4.33 2.67)
  (0.71 4.33 4.0)
  (2.57 4.33 0.0)
  (2.57 4.33 1.33)
  (2.57 4.33 2.67)
  (2.57 4.33 4.0)
  (4.43 4.33 0.0)
  (4.43 4.33 1.33)
  (4.43 4.33 2.67)
  (4.43 4.33 4.0)
  (6.29 4.33 0.0)
  (6.29 4.33 1.33)
  (6.29 4.33 2.67)
  (6.29 4.33 4.0)
  (8.14 4.33 0.0)
  (8.14 4.33 1.33)
  (8.14 4.33 2.67)
  (8.14 4.33 4.0)
  (10.0 4.33 0.0)
  (10.0 4.33 1.33)
  (10.0 4.33 2.67)
  (10.0 4.33 4.0)
  (-3.0 5.56 0.0)
  (-3.0 5.56 1.33)
  (-3.0 5.56 2.67)
  (-3.0 5.56 4.0)
  (-1.14 5.56 0.0)
  (-1.14 5.56 1.33)
  (-1.14 5.56 2.67)
  (-1.14 5.56 4.0)
  (0.71 5.56 0.0)
  (0.71 5.56 1.33)
  (0.71 5.56 2.67)
  (0.71 5.56 4.0)
  (2.57 5.56 0.0)
  (2.57 5.56 1.33)
  (2.57 5.56 2.67)
  (2.57 5.56 4.0)
  (4.43 5.56 0.0)
  (4.43 5.56 1.33)
  (4.43 5.56 2.67)
  (4.43 5.56 4.0)
  (6.29 5.56 0.0)
  (6.29 5.56 1.33)
  (6.29 5.56 2.67)
  (6.29 5.56 4.0)
  (8.14 5.56 0.0)
  (8.14 5.56 1.33)
  (8.14 5.56 2.67)
  (8.14 5.56 4.0)
  (10.0 5.56 0.0)
  (10.0 5.56 1.33)
  (10.0 5.56 2.67)
  (10.0 5.56 4.0)
  (-3.0 6.78 0.0)
  (-3.0 6.78 1.33)
  (-3.0 6.78 2.67)
  (-3.0 6.78 4.0)
  (-1.14 6.78 0.0)
  (-1.14 6.78 1.33)
  (-1.14 6.78 2.67)
  (-1.14 6.78 4.0)
  (0.71 6.78 4.0)
  (2.57 6.78 4.0)
  (4.43 6.78 4.0)
  (6.29 6.78 4.0)
  (8.14 6.78 0.0)
  (8.14 6.78 1.33)
  (8.14 6.78 2.67)
  (8.14 6.78 4.0)
  (10.0 6.78 0.0)
  (10.0 6.78 1.33)
  (10.0 6.78 2.67)
  (10.0 6.78 4.0)
  (-3.0 8.0 0.0)
  (-3.0 8.0 1.33)
  (-3.0 8.0 2.67)
  (-3.0 8.0 4.0)
  (-1.14 8.0 0.0)
  (-1.14 8.0 1.33)
  (-1.14 8.0 2.67)
  (-1.14 8.0 4.0)
  (0.71 8.0 4.0)
  (2.57 8.0 4.0)
  (4.43 8.0 4.0)
  (6.29 8.0 4.0)
  (8.14 8.0 0.0)
  (8.14 8.0 1.33)
  (8.14 8.0 2.67)
  (8.14 8.0 4.0)
  (10.0 8.0 0.0)
  (10.0 8.0 1.33)
  (10.0 8.0 2.67)
  (10.0 8.0 4.0)
  (-3.0 9.22 0.0)
  (-3.0 9.22 1.33)
  (-3.0 9.22 2.67)
  (-3.0 9.22 4.0)
  (-1.14 9.22 0.0)
  (-1.14 9.22 1.33)
  (-1.14 9.22 2.67)
  (-1.14 9.22 4.0)
  (0.71 9.22 0.0)
  (0.71 9.22 1.33)
  (0.71 9.22 2.67)
  (0.71 9.22 4.0)
  (2.57 9.22 0.0)
  (2.57 9.22 1.33)
  (2.57 9.22 2.67)
  (2.57 9.22 4.0)
  (4.43 9.22 0.0)
  (4.43 9.22 1.33)
  (4.43 9.22 2.67)
  (4.43 9.22 4.0)
  (6.29 9.22 0.0)
  (6.29 9.22 1.33)
  (6.29 9.22 2.67)
  (6.29 9.22 4.0)
  (8.14 9.22 0.0)
  (8.14 9.22 1.33)
  (8.14 9.22 2.67)
  (8.14 9.22 4.0)
  (10.0 9.22 0.0)
  (10.0 9.22 1.33)
  (10.0 9.22 2.67)
  (10.0 9.22 4.0)
  (-3.0 10.44 0.0)
  (-3.0 10.44 1.33)
  (-3.0 10.44 2.67)
  (-3.0 10.44 4.0)
  (-1.14 10.44 0.0)
  (-1.14 10.44 1.33)
  (-1.14 10.44 2.67)
  (-1.14 10.44 4.0)
  (0.71 10.44 0.0)
  (0.71 10.44 1.33)
  (0.71 10.44 2.67)
  (0.71 10.44 4.0)
  (2.57 10.44 0.0)
  (2.57 10.44 1.33)
  (2.57 10.44 2.67)
  (2.57 10.44 4.0)
  (4.43 10.44 0.0)
  (4.43 10.44 1.33)
  (4.43 10.44 2.67)
  (4.43 10.44 4.0)
  (6.29 10.44 0.0)
  (6.29 10.44 1.33)
  (6.29 10.44 2.67)
  (6.29 10.44 4.0)
  (8.14 10.44 0.0)
  (8.14 10.44 1.33)
  (8.14 10.44 2.67)
  (8.14 10.44 4.0)
  (10.0 10.44 0.0)
  (10.0 10.44 1.33)
  (10.0 10.44 2.67)
  (10.0 10.44 4.0)
  (-3.0 11.67 0.0)
  (-3.0 11.67 1.33)
  (-3.0 11.67 2.67)
  (-3.0 11.67 4.0)
  (-1.14 11.67 0.0)
  (-1.14 11.67 1.33)
  (-1.14 11.67 2.67)
  (-1.14 11.67 4.0)
  (0.71 11.67 0.0)
  (0.71 11.67 1.33)
  (0.71 11.67 2.67)
  (0.71 11.67 4.0)
  (2.57 11.67 0.0)
  (2.57 11.67 1.33)
  (2.57 11.67 2.67)
  (2.57 11.67 4.0)
  (4.43 11.67 0.0)
  (4.43 11.67 1.33)
  (4.43 11.67 2.67)
  (4.43 11.67 4.0)
  (6.29 11.67 0.0)
  (6.29 11.67 1.33)
  (6.29 11.67 2.67)
  (6.29 11.67 4.0)
  (8.14 11.67 0.0)
  (8.14 11.67 1.33)
  (8.14 11.67 2.67)
  (8.14 11.67 4.0)
  (10.0 11.67 0.0)
  (10.0 11.67 1.33)
  (10.0 11.67 2.67)
  (10.0 11.67 4.0)
  (-3.0 12.89 0.0)
  (-3.0 12.89 1.33)
  (-3.0 12.89 2.67)
  (-3.0 12.89 4.0)
  (-1.14 12.89 0.0)
  (-1.14 12.89 1.33)
  (-1.14 12.89 2.67)
  (-1.14 12.89 4.0)
  (0.71 12.89 4.0)
  (2.57 12.89 4.0)
  (4.43 12.89 4.0)
  (6.29 12.89 4.0)
  (8.14 12.89 0.0)
  (8.14 12.89 1.33)
  (8.14 12.89 2.67)
  (8.14 12.89 4.0)
  (10.0 12.89 0.0)
  (10.0 12.89 1.33)
  (10.0 12.89 2.67)
  (10.0 12.89 4.0)
  (-3.0 14.11 0.0)
  (-3.0 14.11 1.33)
  (-3.0 14.11 2.67)
  (-3.0 14.11 4.0)
  (-1.14 14.11 0.0)
  (-1.14 14.11 1.33)
  (-1.14 14.11 2.67)
  (-1.14 14.11 4.0)
  (0.71 14.11 4.0)
  (2.57 14.11 4.0)
  (4.43 14.11 4.0)
  (6.29 14.11 4.0)
  (8.14 14.11 0.0)
  (8.14 14.11 1.33)
  (8.14 14.11 2.67)
  (8.14 14.11 4.0)
  (10.0 14.11 0.0)
  (10.0 14.11 1.33)
  (10.0 14.11 2.67)
  (10.0 14.11 4.0)
  (-3.0 15.33 0.0)
  (-3.0 15.33 1.33)
  (-3.0 15.33 2.67)
  (-3.0 15.33 4.0)
  (-1.14 15.33 0.0)
  (-1.14 15.33 1.33)
  (-1.14 15.33 2.67)
  (-1.14 15.33 4.0)
  (0.71 15.33 0.0)
  (0.71 15.33 1.33)
  (0.71 15.33 2.67)
  (0.71 15.33 4.0)
  (2.57 15.33 0.0)
  (2.57 15.33 1.33)
  (2.57 15.33 2.67)
  (2.57 15.33 4.0)
  (4.43 15.33 0.0)
  (4.43 15.33 1.33)
  (4.43 15.33 2.67)
  (4.43 15.33 4.0)
  (6.29 15.33 0.0)
  (6.29 15.33 1.33)
  (6.29 15.33 2.67)
  (6.29 15.33 4.0)
  (8.14 15.33 0.0)
  (8.14 15.33 1.33)
  (8.14 15.33 2.67)
  (8.14 15.33 4.0)
  (10.0 15.33 0.0)
  (10.0 15.33 1.33)
  (10.0 15.33 2.67)
  (10.0 15.33 4.0)
  (-3.0 16.56 0.0)
  (-3.0 16.56 1.33)
  (-3.0 16.56 2.67)
  (-3.0 16.56 4.0)
  (-1.14 16.56 0.0)
  (-1.14 16.56 1.33)
  (-1.14 16.56 2.67)
  (-1.14 16.56 4.0)
  (0.71 16.56 0.0)
  (0.71 16.56 1.33)
  (0.71 16.56 2.67)
  (0.71 16.56 4.0)
  (2.57 16.56 0.0)
  (2.57 16.56 1.33)
  (2.57 16.56 2.67)
  (2.57 16.56 4.0)
  (4.43 16.56 0.0)
  (4.43 16.56 1.33)
  (4.43 16.56 2.67)
  (4.43 16.56 4.0)
  (6.29 16.56 0.0)
  (6.29 16.56 1.33)
  (6.29 16.56 2.67)
  (6.29 16.56 4.0)
  (8.14 16.56 0.0)
  (8.14 16.56 1.33)
  (8.14 16.56 2.67)
  (8.14 16.56 4.0)
  (10.0 16.56 0.0)
  (10.0 16.56 1.33)
  (10.0 16.56 2.67)
  (10.0 16.56 4.0)
  (-3.0 17.78 0.0)
  (-3.0 17.78 1.33)
  (-3.0 17.78 2.67)
  (-3.0 17.78 4.0)
  (-1.14 17.78 0.0)
  (-1.14 17.78 1.33)
  (-1.14 17.78 2.67)
  (-1.14 17.78 4.0)
  (0.71 17.78 0.0)
  (0.71 17.78 1.33)
  (0.71 17.78 2.67)
  (0.71 17.78 4.0)
  (2.57 17.78 0.0)
  (2.57 17.78 1.33)
  (2.57 17.78 2.67)
  (2.57 17.78 4.0)
  (4.43 17.78 0.0)
  (4.43 17.78 1.33)
  (4.43 17.78 2.67)
  (4.43 17.78 4.0)
  (6.29 17.78 0.0)
  (6.29 17.78 1.33)
  (6.29 17.78 2.67)
  (6.29 17.78 4.0)
  (8.14 17.78 0.0)
  (8.14 17.78 1.33)
  (8.14 17.78 2.67)
  (8.14 17.78 4.0)
  (10.0 17.78 0.0)
  (10.0 17.78 1.33)
  (10.0 17.78 2.67)
  (10.0 17.78 4.0)
  (-3.0 19.0 0.0)
  (-3.0 19.0 1.33)
  (-3.0 19.0 2.67)
  (-3.0 19.0 4.0)
  (-1.14 19.0 0.0)
  (-1.14 19.0 1.33)
  (-1.14 19.0 2.67)
  (-1.14 19.0 4.0)
  (0.71 19.0 4.0)
  (2.57 19.0 4.0)
  (4.43 19.0 4.0)
  (6.29 19.0 4.0)
  (8.14 19.0 0.0)
  (8.14 19.0 1.33)
  (8.14 19.0 2.67)
  (8.14 19.0 4.0)
  (10.0 19.0 0.0)
  (10.0 19.0 1.33)
  (10.0 19.0 2.67)
  (10.0 19.0 4.0)
  (-3.0 20.22 0.0)
  (-3.0 20.22 1.33)
  (-3.0 20.22 2.67)
  (-3.0 20.22 4.0)
  (-1.14 20.22 0.0)
  (-1.14 20.22 1.33)
  (-1.14 20.22 2.67)
  (-1.14 20.22 4.0)
  (0.71 20.22 4.0)
  (2.57 20.22 4.0)
  (4.43 20.22 4.0)
  (6.29 20.22 4.0)
  (8.14 20.22 0.0)
  (8.14 20.22 1.33)
  (8.14 20.22 2.67)
  (8.14 20.22 4.0)
  (10.0 20.22 0.0)
  (10.0 20.22 1.33)
  (10.0 20.22 2.67)
  (10.0 20.22 4.0)
  (-3.0 21.44 0.0)
  (-3.0 21.44 1.33)
  (-3.0 21.44 2.67)
  (-3.0 21.44 4.0)
  (-1.14 21.44 0.0)
  (-1.14 21.44 1.33)
  (-1.14 21.44 2.67)
  (-1.14 21.44 4.0)
  (0.71 21.44 0.0)
  (0.71 21.44 1.33)
  (0.71 21.44 2.67)
  (0.71 21.44 4.0)
  (2.57 21.44 0.0)
  (2.57 21.44 1.33)
  (2.57 21.44 2.67)
  (2.57 21.44 4.0)
  (4.43 21.44 0.0)
  (4.43 21.44 1.33)
  (4.43 21.44 2.67)
  (4.43 21.44 4.0)
  (6.29 21.44 0.0)
  (6.29 21.44 1.33)
  (6.29 21.44 2.67)
  (6.29 21.44 4.0)
  (8.14 21.44 0.0)
  (8.14 21.44 1.33)
  (8.14 21.44 2.67)
  (8.14 21.44 4.0)
  (10.0 21.44 0.0)
  (10.0 21.44 1.33)
  (10.0 21.44 2.67)
  (10.0 21.44 4.0)
  (-3.0 22.67 0.0)
  (-3.0 22.67 1.33)
  (-3.0 22.67 2.67)
  (-3.0 22.67 4.0)
  (-1.14 22.67 0.0)
  (-1.14 22.67 1.33)
  (-1.14 22.67 2.67)
  (-1.14 22.67 4.0)
  (0.71 22.67 0.0)
  (0.71 22.67 1.33)
  (0.71 22.67 2.67)
  (0.71 22.67 4.0)
  (2.57 22.67 0.0)
  (2.57 22.67 1.33)
  (2.57 22.67 2.67)
  (2.57 22.67 4.0)
  (4.43 22.67 0.0)
  (4.43 22.67 1.33)
  (4.43 22.67 2.67)
  (4.43 22.67 4.0)
  (6.29 22.67 0.0)
  (6.29 22.67 1.33)
  (6.29 22.67 2.67)
  (6.29 22.67 4.0)
  (8.14 22.67 0.0)
  (8.14 22.67 1.33)
  (8.14 22.67 2.67)
  (8.14 22.67 4.0)
  (10.0 22.67 0.0)
  (10.0 22.67 1.33)
  (10.0 22.67 2.67)
  (10.0 22.67 4.0)
  (-3.0 23.89 0.0)
  (-3.0 23.89 1.33)
  (-3.0 23.89 2.67)
  (-3.0 23.89 4.0)
  (-1.14 23.89 0.0)
  (-1.14 23.89 1.33)
  (-1.14 23.89 2.67)
  (-1.14 23.89 4.0)
  (0.71 23.89 0.0)
  (0.71 23.89 1.33)
  (0.71 23.89 2.67)
  (0.71 23.89 4.0)
  (2.57 23.89 0.0)
  (2.57 23.89 1.33)
  (2.57 23.89 2.67)
  (2.57 23.89 4.0)
  (4.43 23.89 0.0)
  (4.43 23.89 1.33)
  (4.43 23.89 2.67)
  (4.43 23.89 4.0)
  (6.29 23.89 0.0)
  (6.29 23.89 1.33)
  (6.29 23.89 2.67)
  (6.29 23.89 4.0)
  (8.14 23.89 0.0)
  (8.14 23.89 1.33)
  (8.14 23.89 2.67)
  (8.14 23.89 4.0)
  (10.0 23.89 0.0)
  (10.0 23.89 1.33)
  (10.0 23.89 2.67)
  (10.0 23.89 4.0)
  (-3.0 25.11 0.0)
  (-3.0 25.11 1.33)
  (-3.0 25.11 2.67)
  (-3.0 25.11 4.0)
  (-1.14 25.11 0.0)
  (-1.14 25.11 1.33)
  (-1.14 25.11 2.67)
  (-1.14 25.11 4.0)
  (0.71 25.11 4.0)
  (2.57 25.11 4.0)
  (4.43 25.11 4.0)
  (6.29 25.11 4.0)
  (8.14 25.11 0.0)
  (8.14 25.11 1.33)
  (8.14 25.11 2.67)
  (8.14 25.11 4.0)
  (10.0 25.11 0.0)
  (10.0 25.11 1.33)
  (10.0 25.11 2.67)
  (10.0 25.11 4.0)
  (-3.0 26.33 0.0)
  (-3.0 26.33 1.33)
  (-3.0 26.33 2.67)
  (-3.0 26.33 4.0)
  (-1.14 26.33 0.0)
  (-1.14 26.33 1.33)
  (-1.14 26.33 2.67)
  (-1.14 26.33 4.0)
  (0.71 26.33 4.0)
  (2.57 26.33 4.0)
  (4.43 26.33 4.0)
  (6.29 26.33 4.0)
  (8.14 26.33 0.0)
  (8.14 26.33 1.33)
  (8.14 26.33 2.67)
  (8.14 26.33 4.0)
  (10.0 26.33 0.0)
  (10.0 26.33 1.33)
  (10.0 26.33 2.67)
  (10.0 26.33 4.0)
  (-3.0 27.56 0.0)
  (-3.0 27.56 1.33)
  (-3.0 27.56 2.67)
  (-3.0 27.56 4.0)
  (-1.14 27.56 0.0)
  (-1.14 27.56 1.33)
  (-1.14 27.56 2.67)
  (-1.14 27.56 4.0)
  (0.71 27.56 0.0)
  (0.71 27.56 1.33)
  (0.71 27.56 2.67)
  (0.71 27.56 4.0)
  (2.57 27.56 0.0)
  (2.57 27.56 1.33)
  (2.57 27.56 2.67)
  (2.57 27.56 4.0)
  (4.43 27.56 0.0)
  (4.43 27.56 1.33)
  (4.43 27.56 2.67)
  (4.43 27.56 4.0)
  (6.29 27.56 0.0)
  (6.29 27.56 1.33)
  (6.29 27.56 2.67)
  (6.29 27.56 4.0)
  (8.14 27.56 0.0)
  (8.14 27.56 1.33)
  (8.14 27.56 2.67)
  (8.14 27.56 4.0)
  (10.0 27.56 0.0)
  (10.0 27.56 1.33)
  (10.0 27.56 2.67)
  (10.0 27.56 4.0)
  (-3.0 28.78 0.0)
  (-3.0 28.78 1.33)
  (-3.0 28.78 2.67)
  (-3.0 28.78 4.0)
  (-1.14 28.78 0.0)
  (-1.14 28.78 1.33)
  (-1.14 28.78 2.67)
  (-1.14 28.78 4.0)
  (0.71 28.78 0.0)
  (0.71 28.78 1.33)
  (0.71 28.78 2.67)
  (0.71 28.78 4.0)
  (2.57 28.78 0.0)
  (2.57 28.78 1.33)
  (2.57 28.78 2.67)
  (2.57 28.78 4.0)
  (4.43 28.78 0.0)
  (4.43 28.78 1.33)
  (4.43 28.78 2.67)
  (4.43 28.78 4.0)
  (6.29 28.78 0.0)
  (6.29 28.78 1.33)
  (6.29 28.78 2.67)
  (6.29 28.78 4.0)
  (8.14 28.78 0.0)
  (8.14 28.78 1.33)
  (8.14 28.78 2.67)
  (8.14 28.78 4.0)
  (10.0 28.78 0.0)
  (10.0 28.78 1.33)
  (10.0 28.78 2.67)
  (10.0 28.78 4.0)
  (-3.0 30.0 0.0)
  (-3.0 30.0 1.33)
  (-3.0 30.0 2.67)
  (-3.0 30.0 4.0)
  (-1.14 30.0 0.0)
  (-1.14 30.0 1.33)
  (-1.14 30.0 2.67)
  (-1.14 30.0 4.0)
  (0.71 30.0 0.0)
  (0.71 30.0 1.33)
  (0.71 30.0 2.67)
  (0.71 30.0 4.0)
  (2.57 30.0 0.0)
  (2.57 30.0 1.33)
  (2.57 30.0 2.67)
  (2.57 30.0 4.0)
  (4.43 30.0 0.0)
  (4.43 30.0 1.33)
  (4.43 30.0 2.67)
  (4.43 30.0 4.0)
  (6.29 30.0 0.0)
  (6.29 30.0 1.33)
  (6.29 30.0 2.67)
  (6.29 30.0 4.0)
  (8.14 30.0 0.0)
  (8.14 30.0 1.33)
  (8.14 30.0 2.67)
  (8.14 30.0 4.0)
  (10.0 30.0 0.0)
  (10.0 30.0 1.33)
  (10.0 30.0 2.67)
  (10.0 30.0 4.0)
);

// ************************************************************************* //
